array n=5, sortedness=0
before: 265 297 700 701 931 
after: 265 297 700 701 931 
milisseconds elapsed: 26
array n=5, sortedness=-1
before: 931 701 700 297 265 
after: 265 297 700 701 931 
milisseconds elapsed: 19
array n=5, sortedness=0.25
before: 265 297 700 701 931 
after: 265 297 700 701 931 
milisseconds elapsed: 17
array n=5, sortedness=0.5
before: 931 700 297 701 265 
after: 265 297 700 701 931 
milisseconds elapsed: 20
array n=5, sortedness=1
before: 931 700 265 701 297 
after: 265 297 700 701 931 
milisseconds elapsed: 21
array n=5, sortedness=2
before: 700 701 931 265 297 
after: 265 297 700 701 931 
milisseconds elapsed: 24
array n=5, sortedness=5
before: 931 297 700 265 701 
after: 265 297 700 701 931 
milisseconds elapsed: 22
array n=10, sortedness=0
before: 39 43 367 594 597 605 632 718 745 882 
after: 39 43 367 594 597 605 632 718 745 882 
milisseconds elapsed: 53
array n=10, sortedness=-1
before: 882 745 718 632 605 597 594 367 43 39 
after: 39 43 367 594 597 605 632 718 745 882 
milisseconds elapsed: 57
array n=10, sortedness=0.25
before: 39 43 594 597 367 882 632 718 745 605 
after: 39 43 367 594 597 605 632 718 745 882 
milisseconds elapsed: 57
array n=10, sortedness=0.5
before: 882 632 594 367 597 605 745 718 39 43 
after: 39 43 367 594 597 605 632 718 745 882 
milisseconds elapsed: 58
array n=10, sortedness=1
before: 367 632 39 594 882 718 745 43 605 597 
after: 39 43 367 594 597 605 632 718 745 882 
milisseconds elapsed: 57
array n=10, sortedness=2
before: 39 43 745 718 597 632 594 882 605 367 
after: 39 43 367 594 597 605 632 718 745 882 
milisseconds elapsed: 55
array n=10, sortedness=5
before: 43 882 718 745 367 597 605 594 632 39 
after: 39 43 367 594 597 605 632 718 745 882 
milisseconds elapsed: 58
array n=25, sortedness=0
before: 3 29 153 154 160 231 253 265 282 308 339 383 426 460 538 544 780 803 820 856 870 874 959 975 976 
after: 3 29 153 154 160 231 253 265 282 308 339 383 426 460 538 544 780 803 820 856 870 874 959 975 976 
milisseconds elapsed: 268
array n=25, sortedness=-1
before: 976 975 959 874 870 856 820 803 780 544 538 460 426 383 339 308 282 265 253 231 160 154 153 29 3 
after: 3 29 153 154 160 231 253 265 282 308 339 383 426 460 538 544 780 803 820 856 870 874 959 975 976 
milisseconds elapsed: 283
array n=25, sortedness=0.25
before: 3 29 153 154 282 231 460 265 160 308 339 383 959 544 803 976 780 820 538 856 870 874 426 975 253 
after: 3 29 153 154 160 231 253 265 282 308 339 383 426 460 538 544 780 803 820 856 870 874 959 975 976 
milisseconds elapsed: 274
array n=25, sortedness=0.5
before: 803 975 29 160 308 780 959 265 282 154 339 383 426 253 538 153 820 3 231 856 544 874 460 870 976 
after: 3 29 153 154 160 231 253 265 282 308 339 383 426 460 538 544 780 803 820 856 870 874 959 975 976 
milisseconds elapsed: 280
array n=25, sortedness=1
before: 544 976 153 339 160 231 253 383 3 856 282 959 426 874 870 265 29 803 538 975 154 780 308 820 460 
after: 3 29 153 154 160 231 253 265 282 308 339 383 426 460 538 544 780 803 820 856 870 874 959 975 976 
milisseconds elapsed: 279
array n=25, sortedness=2
before: 976 780 265 383 154 282 253 231 3 29 856 538 959 308 160 874 820 426 544 975 803 460 870 339 153 
after: 3 29 153 154 160 231 253 265 282 308 339 383 426 460 538 544 780 803 820 856 870 874 959 975 976 
milisseconds elapsed: 290
array n=25, sortedness=5
before: 3 308 265 780 820 154 160 976 975 29 538 426 870 803 544 874 460 231 253 339 856 383 959 282 153 
after: 3 29 153 154 160 231 253 265 282 308 339 383 426 460 538 544 780 803 820 856 870 874 959 975 976 
milisseconds elapsed: 283
array n=50, sortedness=0
before: 28 57 66 67 79 143 146 173 179 183 196 210 246 336 390 396 439 458 461 515 524 535 539 576 585 593 609 614 639 643 651 693 713 714 719 728 736 737 739 749 785 806 810 823 831 859 903 909 936 960 
after: 28 57 66 67 79 143 146 173 179 183 196 210 246 336 390 396 439 458 461 515 524 535 539 576 585 593 609 614 639 643 651 693 713 714 719 728 736 737 739 749 785 806 810 823 831 859 903 909 936 960 
milisseconds elapsed: 1042
array n=50, sortedness=-1
before: 960 936 909 903 859 831 823 810 806 785 749 739 737 736 728 719 714 713 693 651 643 639 614 609 593 585 576 539 535 524 515 461 458 439 396 390 336 246 210 196 183 179 173 146 143 79 67 66 57 28 
after: 28 57 66 67 79 143 146 173 179 183 196 210 246 336 390 396 439 458 461 515 524 535 539 576 585 593 609 614 639 643 651 693 713 714 719 728 736 737 739 749 785 806 810 823 831 859 903 909 936 960 
milisseconds elapsed: 1073
array n=50, sortedness=0.25
before: 146 903 66 67 79 143 28 173 179 183 196 439 246 728 390 643 210 458 639 960 524 535 539 576 585 749 396 614 515 936 651 693 713 714 719 336 736 737 739 593 785 806 859 823 831 810 57 909 461 609 
after: 28 57 66 67 79 143 146 173 179 183 196 210 246 336 390 396 439 458 461 515 524 535 539 576 585 593 609 614 639 643 651 693 713 714 719 728 736 737 739 749 785 806 810 823 831 859 903 909 936 960 
milisseconds elapsed: 1071
array n=50, sortedness=0.5
before: 693 936 614 67 173 576 739 639 66 183 196 909 246 336 390 535 439 146 461 515 524 728 210 143 585 831 609 179 396 458 651 736 643 714 859 57 719 810 28 79 785 806 960 823 593 713 903 539 749 737 
after: 28 57 66 67 79 143 146 173 179 183 196 210 246 336 390 396 439 458 461 515 524 535 539 576 585 593 609 614 639 643 651 693 713 714 719 728 736 737 739 749 785 806 810 823 831 859 903 909 936 960 
milisseconds elapsed: 1101
array n=50, sortedness=1
before: 909 823 336 749 714 739 183 806 831 576 693 210 651 535 737 524 439 458 785 396 143 585 146 960 179 196 810 614 79 643 639 246 903 593 173 728 719 461 539 609 390 57 936 515 28 859 713 67 66 736 
after: 28 57 66 67 79 143 146 173 179 183 196 210 246 336 390 396 439 458 461 515 524 535 539 576 585 593 609 614 639 643 651 693 713 714 719 728 736 737 739 749 785 806 810 823 831 859 903 909 936 960 
milisseconds elapsed: 1098
array n=50, sortedness=2
before: 585 614 246 576 143 461 960 57 396 806 179 739 736 439 539 535 173 79 390 823 66 737 524 719 713 67 336 903 909 146 183 643 859 210 728 936 515 28 810 693 639 196 609 651 593 458 749 831 714 785 
after: 28 57 66 67 79 143 146 173 179 183 196 210 246 336 390 396 439 458 461 515 524 535 539 576 585 593 609 614 639 643 651 693 713 714 719 728 736 737 739 749 785 806 810 823 831 859 903 909 936 960 
milisseconds elapsed: 1099
array n=50, sortedness=5
before: 66 593 67 57 585 614 736 903 143 179 439 396 246 831 806 183 739 146 28 524 461 714 336 936 823 810 609 693 173 79 539 390 643 909 458 785 737 859 515 639 728 713 651 196 535 576 210 719 749 960 
after: 28 57 66 67 79 143 146 173 179 183 196 210 246 336 390 396 439 458 461 515 524 535 539 576 585 593 609 614 639 643 651 693 713 714 719 728 736 737 739 749 785 806 810 823 831 859 903 909 936 960 
milisseconds elapsed: 1097
array n=100, sortedness=0
before: 1 13 45 48 69 77 80 115 115 126 142 144 146 147 150 159 161 175 176 178 211 221 224 232 240 253 254 258 267 267 270 273 282 289 301 305 310 317 336 339 368 374 386 393 397 399 461 464 483 489 491 493 504 516 521 523 532 535 540 544 548 548 568 569 578 580 617 620 628 668 690 698 730 737 737 767 781 795 828 829 830 831 836 847 850 850 853 854 898 913 940 955 972 975 978 988 990 991 993 997 
after: 1 13 45 48 69 77 80 115 115 126 142 144 146 147 150 159 161 175 176 178 211 221 224 232 240 253 254 258 267 267 270 273 282 289 301 305 310 317 336 339 368 374 386 393 397 399 461 464 483 489 491 493 504 516 521 523 532 535 540 544 548 548 568 569 578 580 617 620 628 668 690 698 730 737 737 767 781 795 828 829 830 831 836 847 850 850 853 854 898 913 940 955 972 975 978 988 990 991 993 997 
milisseconds elapsed: 4098
array n=100, sortedness=-1
before: 997 993 991 990 988 978 975 972 955 940 913 898 854 853 850 850 847 836 831 830 829 828 795 781 767 737 737 730 698 690 668 628 620 617 580 578 569 568 548 548 544 540 535 532 523 521 516 504 493 491 489 483 464 461 399 397 393 386 374 368 339 336 317 310 305 301 289 282 273 270 267 267 258 254 253 240 232 224 221 211 178 176 175 161 159 150 147 146 144 142 126 115 115 80 77 69 48 45 13 1 
after: 1 13 45 48 69 77 80 115 115 126 142 144 146 147 150 159 161 175 176 178 211 221 224 232 240 253 254 258 267 267 270 273 282 289 301 305 310 317 336 339 368 374 386 393 397 399 461 464 483 489 491 493 504 516 521 523 532 535 540 544 548 548 568 569 578 580 617 620 628 668 690 698 730 737 737 767 781 795 828 829 830 831 836 847 850 850 853 854 898 913 940 955 972 975 978 988 990 991 993 997 
milisseconds elapsed: 4278
array n=100, sortedness=0.25
before: 781 997 45 48 69 77 178 115 305 126 142 461 540 147 150 159 310 175 176 988 913 221 532 232 240 253 254 258 267 267 795 273 282 289 301 115 847 317 336 339 483 374 386 393 504 399 144 464 578 489 491 493 397 516 521 523 270 535 146 698 978 548 568 569 368 580 617 620 628 668 690 544 975 737 990 767 1 224 828 13 829 831 836 161 850 850 853 730 898 211 940 955 972 854 548 80 737 991 993 830 
after: 1 13 45 48 69 77 80 115 115 126 142 144 146 147 150 159 161 175 176 178 211 221 224 232 240 253 254 258 267 267 270 273 282 289 301 305 310 317 336 339 368 374 386 393 397 399 461 464 483 489 491 493 504 516 521 523 532 535 540 544 548 548 568 569 578 580 617 620 628 668 690 698 730 737 737 767 781 795 828 829 830 831 836 847 850 850 853 854 898 913 940 955 972 975 978 988 990 991 993 997 
milisseconds elapsed: 4205
array n=100, sortedness=0.5
before: 1 13 828 483 240 232 972 115 115 159 211 461 668 578 854 258 161 267 176 178 850 847 224 737 737 253 523 126 69 267 270 273 221 289 301 305 540 317 975 853 368 374 175 393 489 399 386 144 146 548 532 493 504 516 781 142 147 77 310 544 548 397 568 569 988 580 617 767 628 48 690 698 730 491 990 521 45 831 282 829 830 898 150 993 535 80 850 464 795 913 940 955 254 336 978 620 339 991 836 997 
after: 1 13 45 48 69 77 80 115 115 126 142 144 146 147 150 159 161 175 176 178 211 221 224 232 240 253 254 258 267 267 270 273 282 289 301 305 310 317 336 339 368 374 386 393 397 399 461 464 483 489 491 493 504 516 521 523 532 535 540 544 548 548 568 569 578 580 617 620 628 668 690 698 730 737 737 767 781 795 828 829 830 831 836 847 850 850 853 854 898 913 940 955 972 975 978 988 990 991 993 997 
milisseconds elapsed: 4272
array n=100, sortedness=1
before: 668 267 955 336 69 77 831 489 301 854 972 988 975 147 232 224 464 386 521 578 144 493 568 150 993 253 991 847 317 161 175 523 540 289 258 913 617 461 997 397 368 544 282 374 532 45 767 240 483 115 491 305 310 48 548 737 836 737 1 516 548 339 620 569 146 115 580 13 628 850 221 853 730 698 270 176 178 142 828 393 898 267 399 690 850 211 254 829 830 273 940 126 795 504 978 781 990 80 159 535 
after: 1 13 45 48 69 77 80 115 115 126 142 144 146 147 150 159 161 175 176 178 211 221 224 232 240 253 254 258 267 267 270 273 282 289 301 305 310 317 336 339 368 374 386 393 397 399 461 464 483 489 491 493 504 516 521 523 532 535 540 544 548 548 568 569 578 580 617 620 628 668 690 698 730 737 737 767 781 795 828 829 830 831 836 847 850 850 853 854 898 913 940 955 972 975 978 988 990 991 993 997 
milisseconds elapsed: 4244
array n=100, sortedness=2
before: 853 972 232 1 115 267 221 829 668 504 399 993 258 493 13 781 690 267 147 913 224 150 483 828 115 464 737 850 568 305 737 831 795 254 617 77 178 175 955 142 850 548 489 940 317 898 836 45 991 628 532 144 240 540 270 830 368 523 393 997 854 461 336 289 211 491 698 339 730 548 988 516 578 386 975 569 301 580 620 374 282 161 146 126 273 990 521 535 767 48 159 69 397 176 544 80 978 847 253 310 
after: 1 13 45 48 69 77 80 115 115 126 142 144 146 147 150 159 161 175 176 178 211 221 224 232 240 253 254 258 267 267 270 273 282 289 301 305 310 317 336 339 368 374 386 393 397 399 461 464 483 489 491 493 504 516 521 523 532 535 540 544 548 548 568 569 578 580 617 620 628 668 690 698 730 737 737 767 781 795 828 829 830 831 836 847 850 850 853 854 898 913 940 955 972 975 978 988 990 991 993 997 
milisseconds elapsed: 4303
array n=100, sortedness=5
before: 988 535 540 142 240 310 767 211 975 795 77 828 737 521 913 464 175 991 831 532 847 548 267 850 781 317 483 146 990 690 147 80 620 493 144 978 544 898 368 580 569 159 161 698 516 282 289 115 850 730 69 115 45 176 301 273 491 853 940 221 258 489 523 339 336 836 13 548 628 254 854 737 993 126 830 829 1 578 955 397 399 568 253 150 393 972 232 386 461 267 270 997 48 305 178 374 617 224 504 668 
after: 1 13 45 48 69 77 80 115 115 126 142 144 146 147 150 159 161 175 176 178 211 221 224 232 240 253 254 258 267 267 270 273 282 289 301 305 310 317 336 339 368 374 386 393 397 399 461 464 483 489 491 493 504 516 521 523 532 535 540 544 548 548 568 569 578 580 617 620 628 668 690 698 730 737 737 767 781 795 828 829 830 831 836 847 850 850 853 854 898 913 940 955 972 975 978 988 990 991 993 997 
milisseconds elapsed: 4271
array n=200, sortedness=0
before: 5 8 12 15 17 19 21 23 28 28 30 33 35 49 53 68 69 70 74 76 80 98 104 107 112 122 130 130 130 133 134 143 143 143 147 149 160 162 185 201 213 220 228 233 249 252 255 255 256 266 272 296 298 310 314 314 317 323 327 329 331 333 335 336 338 342 345 366 367 376 380 382 385 389 395 397 401 415 415 417 417 422 429 431 433 434 436 439 441 444 446 447 451 456 456 456 463 472 473 475 489 502 502 504 506 507 508 511 516 521 522 523 524 532 543 556 556 559 560 564 569 587 589 612 616 622 622 624 626 637 641 659 664 671 679 691 694 702 708 709 719 726 741 748 749 753 755 758 758 759 763 765 765 766 781 784 790 795 795 798 801 802 803 808 815 820 821 829 845 866 869 872 872 883 887 890 892 893 895 896 897 900 904 908 912 920 921 925 931 935 937 945 958 960 974 975 982 984 986 996 
after: 5 8 12 15 17 19 21 23 28 28 30 33 35 49 53 68 69 70 74 76 80 98 104 107 112 122 130 130 130 133 134 143 143 143 147 149 160 162 185 201 213 220 228 233 249 252 255 255 256 266 272 296 298 310 314 314 317 323 327 329 331 333 335 336 338 342 345 366 367 376 380 382 385 389 395 397 401 415 415 417 417 422 429 431 433 434 436 439 441 444 446 447 451 456 456 456 463 472 473 475 489 502 502 504 506 507 508 511 516 521 522 523 524 532 543 556 556 559 560 564 569 587 589 612 616 622 622 624 626 637 641 659 664 671 679 691 694 702 708 709 719 726 741 748 749 753 755 758 758 759 763 765 765 766 781 784 790 795 795 798 801 802 803 808 815 820 821 829 845 866 869 872 872 883 887 890 892 893 895 896 897 900 904 908 912 920 921 925 931 935 937 945 958 960 974 975 982 984 986 996 
milisseconds elapsed: 16363
array n=200, sortedness=-1
before: 996 986 984 982 975 974 960 958 945 937 935 931 925 921 920 912 908 904 900 897 896 895 893 892 890 887 883 872 872 869 866 845 829 821 820 815 808 803 802 801 798 795 795 790 784 781 766 765 765 763 759 758 758 755 753 749 748 741 726 719 709 708 702 694 691 679 671 664 659 641 637 626 624 622 622 616 612 589 587 569 564 560 559 556 556 543 532 524 523 522 521 516 511 508 507 506 504 502 502 489 475 473 472 463 456 456 456 451 447 446 444 441 439 436 434 433 431 429 422 417 417 415 415 401 397 395 389 385 382 380 376 367 366 345 342 338 336 335 333 331 329 327 323 317 314 314 310 298 296 272 266 256 255 255 252 249 233 228 220 213 201 185 162 160 149 147 143 143 143 134 133 130 130 130 122 112 107 104 98 80 76 74 70 69 68 53 49 35 33 30 28 28 23 21 19 17 15 12 8 5 
after: 5 8 12 15 17 19 21 23 28 28 30 33 35 49 53 68 69 70 74 76 80 98 104 107 112 122 130 130 130 133 134 143 143 143 147 149 160 162 185 201 213 220 228 233 249 252 255 255 256 266 272 296 298 310 314 314 317 323 327 329 331 333 335 336 338 342 345 366 367 376 380 382 385 389 395 397 401 415 415 417 417 422 429 431 433 434 436 439 441 444 446 447 451 456 456 456 463 472 473 475 489 502 502 504 506 507 508 511 516 521 522 523 524 532 543 556 556 559 560 564 569 587 589 612 616 622 622 624 626 637 641 659 664 671 679 691 694 702 708 709 719 726 741 748 749 753 755 758 758 759 763 765 765 766 781 784 790 795 795 798 801 802 803 808 815 820 821 829 845 866 869 872 872 883 887 890 892 893 895 896 897 900 904 908 912 920 921 925 931 935 937 945 958 960 974 975 982 984 986 996 
milisseconds elapsed: 16749
array n=200, sortedness=0.25
before: 709 8 12 15 436 19 256 143 28 220 795 249 35 931 53 68 69 70 74 76 80 829 104 107 489 122 130 781 49 133 475 143 143 869 463 616 160 755 185 30 213 671 228 233 33 252 255 502 21 266 272 556 298 310 314 314 317 323 23 329 331 587 335 866 338 342 345 366 367 376 380 382 385 872 395 397 401 415 415 417 417 422 17 912 904 892 996 641 441 444 446 741 451 522 766 456 147 472 473 134 112 502 626 504 506 507 820 815 516 521 986 523 524 532 543 296 456 559 560 511 569 333 895 612 149 434 622 624 255 637 439 659 664 429 679 691 694 702 908 5 719 726 447 748 749 753 162 758 758 759 763 765 765 456 130 784 790 589 887 708 801 897 803 808 564 508 821 98 845 945 327 872 389 883 795 890 622 893 201 896 802 900 433 798 431 920 921 925 130 935 937 336 958 960 974 975 982 984 28 556 
after: 5 8 12 15 17 19 21 23 28 28 30 33 35 49 53 68 69 70 74 76 80 98 104 107 112 122 130 130 130 133 134 143 143 143 147 149 160 162 185 201 213 220 228 233 249 252 255 255 256 266 272 296 298 310 314 314 317 323 327 329 331 333 335 336 338 342 345 366 367 376 380 382 385 389 395 397 401 415 415 417 417 422 429 431 433 434 436 439 441 444 446 447 451 456 456 456 463 472 473 475 489 502 502 504 506 507 508 511 516 521 522 523 524 532 543 556 556 559 560 564 569 587 589 612 616 622 622 624 626 637 641 659 664 671 679 691 694 702 708 709 719 726 741 748 749 753 755 758 758 759 763 765 765 766 781 784 790 795 795 798 801 802 803 808 815 820 821 829 845 866 869 872 872 883 887 890 892 893 895 896 897 900 904 908 912 920 921 925 931 935 937 945 958 960 974 975 982 984 986 996 
milisseconds elapsed: 16613
array n=200, sortedness=0.5
before: 664 5 560 149 958 622 21 616 489 890 415 33 35 679 763 68 252 70 559 185 765 98 366 521 112 122 130 556 130 133 317 143 143 143 147 795 790 298 28 201 213 220 228 160 249 314 255 569 887 266 982 624 23 310 908 130 612 323 327 329 331 333 749 336 895 342 345 896 367 376 380 765 385 389 589 719 543 415 433 417 516 422 429 434 255 556 80 439 441 753 897 845 107 866 904 456 893 472 912 475 53 395 532 504 444 748 508 587 417 8 272 456 524 30 28 314 296 74 12 759 766 522 641 872 162 821 622 431 921 502 502 726 451 671 49 691 694 702 708 709 397 801 741 507 447 506 463 69 758 564 446 795 511 256 781 784 233 872 382 798 659 802 758 808 815 820 19 829 335 456 869 15 436 883 945 401 892 755 523 104 76 900 338 803 925 960 626 473 931 935 937 637 17 974 920 975 134 984 986 996 
after: 5 8 12 15 17 19 21 23 28 28 30 33 35 49 53 68 69 70 74 76 80 98 104 107 112 122 130 130 130 133 134 143 143 143 147 149 160 162 185 201 213 220 228 233 249 252 255 255 256 266 272 296 298 310 314 314 317 323 327 329 331 333 335 336 338 342 345 366 367 376 380 382 385 389 395 397 401 415 415 417 417 422 429 431 433 434 436 439 441 444 446 447 451 456 456 456 463 472 473 475 489 502 502 504 506 507 508 511 516 521 522 523 524 532 543 556 556 559 560 564 569 587 589 612 616 622 622 624 626 637 641 659 664 671 679 691 694 702 708 709 719 726 741 748 749 753 755 758 758 759 763 765 765 766 781 784 790 795 795 798 801 802 803 808 815 820 821 829 845 866 869 872 872 883 887 890 892 893 895 896 897 900 904 908 912 920 921 925 931 935 937 945 958 960 974 975 982 984 986 996 
milisseconds elapsed: 16670
array n=200, sortedness=1
before: 5 960 758 15 17 451 382 908 741 781 502 765 784 996 422 30 266 335 143 149 133 719 523 107 866 380 982 790 436 974 766 143 637 456 564 19 185 255 336 74 622 524 228 709 249 890 463 147 143 69 931 296 869 310 872 543 272 507 130 23 508 748 70 612 213 489 694 937 367 895 112 671 521 829 417 920 569 802 679 556 502 803 366 755 12 104 532 439 68 511 587 395 376 433 815 892 401 626 333 616 53 447 820 21 506 233 331 444 516 252 522 8 664 220 589 708 329 900 429 130 323 912 314 475 98 622 845 255 473 935 446 659 122 624 472 76 345 256 958 385 758 33 28 798 456 984 160 35 49 759 763 808 765 162 314 641 327 691 559 897 896 415 298 504 441 749 821 986 130 431 389 456 904 338 887 560 753 893 702 342 795 134 434 556 801 397 795 925 415 883 921 945 28 201 726 975 80 872 317 417 
after: 5 8 12 15 17 19 21 23 28 28 30 33 35 49 53 68 69 70 74 76 80 98 104 107 112 122 130 130 130 133 134 143 143 143 147 149 160 162 185 201 213 220 228 233 249 252 255 255 256 266 272 296 298 310 314 314 317 323 327 329 331 333 335 336 338 342 345 366 367 376 380 382 385 389 395 397 401 415 415 417 417 422 429 431 433 434 436 439 441 444 446 447 451 456 456 456 463 472 473 475 489 502 502 504 506 507 508 511 516 521 522 523 524 532 543 556 556 559 560 564 569 587 589 612 616 622 622 624 626 637 641 659 664 671 679 691 694 702 708 709 719 726 741 748 749 753 755 758 758 759 763 765 765 766 781 784 790 795 795 798 801 802 803 808 815 820 821 829 845 866 869 872 872 883 887 890 892 893 895 896 897 900 904 908 912 920 921 925 931 935 937 945 958 960 974 975 982 984 986 996 
milisseconds elapsed: 16847
array n=200, sortedness=2
before: 996 641 795 472 17 366 489 417 80 524 30 380 447 765 622 314 532 314 143 556 317 664 866 900 104 624 560 323 21 336 748 434 896 758 429 252 345 35 385 401 691 763 395 98 869 376 338 70 463 521 758 23 587 296 637 201 749 12 133 753 766 327 436 719 912 19 143 887 456 8 523 986 329 256 741 895 795 801 107 626 28 473 475 502 516 974 506 439 892 904 694 53 233 367 185 872 69 255 68 298 112 504 76 122 130 975 331 342 502 456 130 228 569 821 726 815 679 897 659 937 755 543 925 266 522 389 622 890 446 935 310 249 431 671 456 508 708 335 958 829 921 765 255 960 441 908 893 931 802 433 984 143 883 220 333 49 28 130 556 564 945 213 415 709 798 444 616 451 702 147 422 845 162 397 160 511 134 820 781 612 589 15 149 808 272 790 33 872 74 417 784 507 5 759 920 982 559 803 382 415 
after: 5 8 12 15 17 19 21 23 28 28 30 33 35 49 53 68 69 70 74 76 80 98 104 107 112 122 130 130 130 133 134 143 143 143 147 149 160 162 185 201 213 220 228 233 249 252 255 255 256 266 272 296 298 310 314 314 317 323 327 329 331 333 335 336 338 342 345 366 367 376 380 382 385 389 395 397 401 415 415 417 417 422 429 431 433 434 436 439 441 444 446 447 451 456 456 456 463 472 473 475 489 502 502 504 506 507 508 511 516 521 522 523 524 532 543 556 556 559 560 564 569 587 589 612 616 622 622 624 626 637 641 659 664 671 679 691 694 702 708 709 719 726 741 748 749 753 755 758 758 759 763 765 765 766 781 784 790 795 795 798 801 802 803 808 815 820 821 829 845 866 869 872 872 883 887 890 892 893 895 896 897 900 904 908 912 920 921 925 931 935 937 945 958 960 974 975 982 984 986 996 
milisseconds elapsed: 16857
array n=200, sortedness=5
before: 524 872 560 28 883 149 945 17 984 931 872 974 5 160 21 12 958 511 616 331 897 702 766 904 33 626 802 143 19 781 508 68 367 708 252 456 587 35 98 569 255 228 30 869 758 622 908 892 784 679 296 417 641 753 298 935 887 556 76 472 622 795 422 895 803 415 982 162 506 920 385 327 795 213 382 345 900 523 255 53 709 758 612 866 112 376 433 790 522 815 104 559 439 201 436 451 15 960 185 456 380 28 504 107 397 556 401 473 741 748 266 338 893 130 996 937 314 925 130 521 808 143 516 336 845 986 659 335 333 719 441 726 896 147 564 143 456 502 272 70 366 637 765 417 395 691 434 8 502 429 23 310 444 389 624 507 798 749 975 446 415 921 317 256 829 49 890 694 133 489 820 431 342 80 821 671 69 912 475 249 447 130 801 74 589 664 220 765 463 323 532 329 755 543 122 233 759 314 134 763 
after: 5 8 12 15 17 19 21 23 28 28 30 33 35 49 53 68 69 70 74 76 80 98 104 107 112 122 130 130 130 133 134 143 143 143 147 149 160 162 185 201 213 220 228 233 249 252 255 255 256 266 272 296 298 310 314 314 317 323 327 329 331 333 335 336 338 342 345 366 367 376 380 382 385 389 395 397 401 415 415 417 417 422 429 431 433 434 436 439 441 444 446 447 451 456 456 456 463 472 473 475 489 502 502 504 506 507 508 511 516 521 522 523 524 532 543 556 556 559 560 564 569 587 589 612 616 622 622 624 626 637 641 659 664 671 679 691 694 702 708 709 719 726 741 748 749 753 755 758 758 759 763 765 765 766 781 784 790 795 795 798 801 802 803 808 815 820 821 829 845 866 869 872 872 883 887 890 892 893 895 896 897 900 904 908 912 920 921 925 931 935 937 945 958 960 974 975 982 984 986 996 
milisseconds elapsed: 16733

-- program is finished running --


Reset: reset completed.

array n=5, sortedness=0
before: 265 297 700 701 931 
after: 265 297 700 701 931 
milisseconds elapsed: 23
array n=5, sortedness=-1
before: 931 701 700 297 265 
after: 265 297 700 701 931 
milisseconds elapsed: 23
array n=5, sortedness=0.25
before: 265 297 700 701 931 
after: 265 297 700 701 931 
milisseconds elapsed: 22
array n=5, sortedness=0.5
before: 931 700 297 701 265 
after: 265 297 700 701 931 
milisseconds elapsed: 24
array n=5, sortedness=1
before: 931 700 265 701 297 
after: 265 297 700 701 931 
milisseconds elapsed: 21
array n=5, sortedness=2
before: 700 701 931 265 297 
after: 265 297 700 701 931 
milisseconds elapsed: 25
array n=5, sortedness=5
before: 931 297 700 265 701 
after: 265 297 700 701 931 
milisseconds elapsed: 20
array n=10, sortedness=0
before: 39 43 367 594 597 605 632 718 745 882 
after: 39 43 367 594 597 605 632 718 745 882 
milisseconds elapsed: 54
array n=10, sortedness=-1
before: 882 745 718 632 605 597 594 367 43 39 
after: 39 43 367 594 597 605 632 718 745 882 
milisseconds elapsed: 59
array n=10, sortedness=0.25
before: 39 43 594 597 367 882 632 718 745 605 
after: 39 43 367 594 597 605 632 718 745 882 
milisseconds elapsed: 55
array n=10, sortedness=0.5
before: 882 632 594 367 597 605 745 718 39 43 
after: 39 43 367 594 597 605 632 718 745 882 
milisseconds elapsed: 62
array n=10, sortedness=1
before: 367 632 39 594 882 718 745 43 605 597 
after: 39 43 367 594 597 605 632 718 745 882 
milisseconds elapsed: 56
array n=10, sortedness=2
before: 39 43 745 718 597 632 594 882 605 367 
after: 39 43 367 594 597 605 632 718 745 882 
milisseconds elapsed: 54
array n=10, sortedness=5
before: 43 882 718 745 367 597 605 594 632 39 
after: 39 43 367 594 597 605 632 718 745 882 
milisseconds elapsed: 59
array n=25, sortedness=0
before: 3 29 153 154 160 231 253 265 282 308 339 383 426 460 538 544 780 803 820 856 870 874 959 975 976 
after: 3 29 153 154 160 231 253 265 282 308 339 383 426 460 538 544 780 803 820 856 870 874 959 975 976 
milisseconds elapsed: 264
array n=25, sortedness=-1
before: 976 975 959 874 870 856 820 803 780 544 538 460 426 383 339 308 282 265 253 231 160 154 153 29 3 
after: 3 29 153 154 160 231 253 265 282 308 339 383 426 460 538 544 780 803 820 856 870 874 959 975 976 
milisseconds elapsed: 283
array n=25, sortedness=0.25
before: 3 29 153 154 282 231 460 265 160 308 339 383 959 544 803 976 780 820 538 856 870 874 426 975 253 
after: 3 29 153 154 160 231 253 265 282 308 339 383 426 460 538 544 780 803 820 856 870 874 959 975 976 
milisseconds elapsed: 270
array n=25, sortedness=0.5
before: 803 975 29 160 308 780 959 265 282 154 339 383 426 253 538 153 820 3 231 856 544 874 460 870 976 
after: 3 29 153 154 160 231 253 265 282 308 339 383 426 460 538 544 780 803 820 856 870 874 959 975 976 
milisseconds elapsed: 281
array n=25, sortedness=1
before: 544 976 153 339 160 231 253 383 3 856 282 959 426 874 870 265 29 803 538 975 154 780 308 820 460 
after: 3 29 153 154 160 231 253 265 282 308 339 383 426 460 538 544 780 803 820 856 870 874 959 975 976 
milisseconds elapsed: 310
array n=25, sortedness=2
before: 976 780 265 383 154 282 253 231 3 29 856 538 959 308 160 874 820 426 544 975 803 460 870 339 153 
after: 3 29 153 154 160 231 253 265 282 308 339 383 426 460 538 544 780 803 820 856 870 874 959 975 976 
milisseconds elapsed: 287
array n=25, sortedness=5
before: 3 308 265 780 820 154 160 976 975 29 538 426 870 803 544 874 460 231 253 339 856 383 959 282 153 
after: 3 29 153 154 160 231 253 265 282 308 339 383 426 460 538 544 780 803 820 856 870 874 959 975 976 
milisseconds elapsed: 279
array n=50, sortedness=0
before: 28 57 66 67 79 143 146 173 179 183 196 210 246 336 390 396 439 458 461 515 524 535 539 576 585 593 609 614 639 643 651 693 713 714 719 728 736 737 739 749 785 806 810 823 831 859 903 909 936 960 
after: 28 57 66 67 79 143 146 173 179 183 196 210 246 336 390 396 439 458 461 515 524 535 539 576 585 593 609 614 639 643 651 693 713 714 719 728 736 737 739 749 785 806 810 823 831 859 903 909 936 960 
milisseconds elapsed: 1054
array n=50, sortedness=-1
before: 960 936 909 903 859 831 823 810 806 785 749 739 737 736 728 719 714 713 693 651 643 639 614 609 593 585 576 539 535 524 515 461 458 439 396 390 336 246 210 196 183 179 173 146 143 79 67 66 57 28 
after: 28 57 66 67 79 143 146 173 179 183 196 210 246 336 390 396 439 458 461 515 524 535 539 576 585 593 609 614 639 643 651 693 713 714 719 728 736 737 739 749 785 806 810 823 831 859 903 909 936 960 
milisseconds elapsed: 1075
array n=50, sortedness=0.25
before: 146 903 66 67 79 143 28 173 179 183 196 439 246 728 390 643 210 458 639 960 524 535 539 576 585 749 396 614 515 936 651 693 713 714 719 336 736 737 739 593 785 806 859 823 831 810 57 909 461 609 
after: 28 57 66 67 79 143 146 173 179 183 196 210 246 336 390 396 439 458 461 515 524 535 539 576 585 593 609 614 639 643 651 693 713 714 719 728 736 737 739 749 785 806 810 823 831 859 903 909 936 960 
milisseconds elapsed: 1077
array n=50, sortedness=0.5
before: 693 936 614 67 173 576 739 639 66 183 196 909 246 336 390 535 439 146 461 515 524 728 210 143 585 831 609 179 396 458 651 736 643 714 859 57 719 810 28 79 785 806 960 823 593 713 903 539 749 737 
after: 28 57 66 67 79 143 146 173 179 183 196 210 246 336 390 396 439 458 461 515 524 535 539 576 585 593 609 614 639 643 651 693 713 714 719 728 736 737 739 749 785 806 810 823 831 859 903 909 936 960 
milisseconds elapsed: 1077
array n=50, sortedness=1
before: 909 823 336 749 714 739 183 806 831 576 693 210 651 535 737 524 439 458 785 396 143 585 146 960 179 196 810 614 79 643 639 246 903 593 173 728 719 461 539 609 390 57 936 515 28 859 713 67 66 736 
after: 28 57 66 67 79 143 146 173 179 183 196 210 246 336 390 396 439 458 461 515 524 535 539 576 585 593 609 614 639 643 651 693 713 714 719 728 736 737 739 749 785 806 810 823 831 859 903 909 936 960 
milisseconds elapsed: 1102
array n=50, sortedness=2
before: 585 614 246 576 143 461 960 57 396 806 179 739 736 439 539 535 173 79 390 823 66 737 524 719 713 67 336 903 909 146 183 643 859 210 728 936 515 28 810 693 639 196 609 651 593 458 749 831 714 785 
after: 28 57 66 67 79 143 146 173 179 183 196 210 246 336 390 396 439 458 461 515 524 535 539 576 585 593 609 614 639 643 651 693 713 714 719 728 736 737 739 749 785 806 810 823 831 859 903 909 936 960 
milisseconds elapsed: 1100
array n=50, sortedness=5
before: 66 593 67 57 585 614 736 903 143 179 439 396 246 831 806 183 739 146 28 524 461 714 336 936 823 810 609 693 173 79 539 390 643 909 458 785 737 859 515 639 728 713 651 196 535 576 210 719 749 960 
after: 28 57 66 67 79 143 146 173 179 183 196 210 246 336 390 396 439 458 461 515 524 535 539 576 585 593 609 614 639 643 651 693 713 714 719 728 736 737 739 749 785 806 810 823 831 859 903 909 936 960 
milisseconds elapsed: 1128
array n=100, sortedness=0
before: 1 13 45 48 69 77 80 115 115 126 142 144 146 147 150 159 161 175 176 178 211 221 224 232 240 253 254 258 267 267 270 273 282 289 301 305 310 317 336 339 368 374 386 393 397 399 461 464 483 489 491 493 504 516 521 523 532 535 540 544 548 548 568 569 578 580 617 620 628 668 690 698 730 737 737 767 781 795 828 829 830 831 836 847 850 850 853 854 898 913 940 955 972 975 978 988 990 991 993 997 
after: 1 13 45 48 69 77 80 115 115 126 142 144 146 147 150 159 161 175 176 178 211 221 224 232 240 253 254 258 267 267 270 273 282 289 301 305 310 317 336 339 368 374 386 393 397 399 461 464 483 489 491 493 504 516 521 523 532 535 540 544 548 548 568 569 578 580 617 620 628 668 690 698 730 737 737 767 781 795 828 829 830 831 836 847 850 850 853 854 898 913 940 955 972 975 978 988 990 991 993 997 
milisseconds elapsed: 4154
array n=100, sortedness=-1
before: 997 993 991 990 988 978 975 972 955 940 913 898 854 853 850 850 847 836 831 830 829 828 795 781 767 737 737 730 698 690 668 628 620 617 580 578 569 568 548 548 544 540 535 532 523 521 516 504 493 491 489 483 464 461 399 397 393 386 374 368 339 336 317 310 305 301 289 282 273 270 267 267 258 254 253 240 232 224 221 211 178 176 175 161 159 150 147 146 144 142 126 115 115 80 77 69 48 45 13 1 
after: 1 13 45 48 69 77 80 115 115 126 142 144 146 147 150 159 161 175 176 178 211 221 224 232 240 253 254 258 267 267 270 273 282 289 301 305 310 317 336 339 368 374 386 393 397 399 461 464 483 489 491 493 504 516 521 523 532 535 540 544 548 548 568 569 578 580 617 620 628 668 690 698 730 737 737 767 781 795 828 829 830 831 836 847 850 850 853 854 898 913 940 955 972 975 978 988 990 991 993 997 
milisseconds elapsed: 4252
array n=100, sortedness=0.25
before: 781 997 45 48 69 77 178 115 305 126 142 461 540 147 150 159 310 175 176 988 913 221 532 232 240 253 254 258 267 267 795 273 282 289 301 115 847 317 336 339 483 374 386 393 504 399 144 464 578 489 491 493 397 516 521 523 270 535 146 698 978 548 568 569 368 580 617 620 628 668 690 544 975 737 990 767 1 224 828 13 829 831 836 161 850 850 853 730 898 211 940 955 972 854 548 80 737 991 993 830 
after: 1 13 45 48 69 77 80 115 115 126 142 144 146 147 150 159 161 175 176 178 211 221 224 232 240 253 254 258 267 267 270 273 282 289 301 305 310 317 336 339 368 374 386 393 397 399 461 464 483 489 491 493 504 516 521 523 532 535 540 544 548 548 568 569 578 580 617 620 628 668 690 698 730 737 737 767 781 795 828 829 830 831 836 847 850 850 853 854 898 913 940 955 972 975 978 988 990 991 993 997 
milisseconds elapsed: 4178
array n=100, sortedness=0.5
before: 1 13 828 483 240 232 972 115 115 159 211 461 668 578 854 258 161 267 176 178 850 847 224 737 737 253 523 126 69 267 270 273 221 289 301 305 540 317 975 853 368 374 175 393 489 399 386 144 146 548 532 493 504 516 781 142 147 77 310 544 548 397 568 569 988 580 617 767 628 48 690 698 730 491 990 521 45 831 282 829 830 898 150 993 535 80 850 464 795 913 940 955 254 336 978 620 339 991 836 997 
after: 1 13 45 48 69 77 80 115 115 126 142 144 146 147 150 159 161 175 176 178 211 221 224 232 240 253 254 258 267 267 270 273 282 289 301 305 310 317 336 339 368 374 386 393 397 399 461 464 483 489 491 493 504 516 521 523 532 535 540 544 548 548 568 569 578 580 617 620 628 668 690 698 730 737 737 767 781 795 828 829 830 831 836 847 850 850 853 854 898 913 940 955 972 975 978 988 990 991 993 997 
milisseconds elapsed: 4233
array n=100, sortedness=1
before: 668 267 955 336 69 77 831 489 301 854 972 988 975 147 232 224 464 386 521 578 144 493 568 150 993 253 991 847 317 161 175 523 540 289 258 913 617 461 997 397 368 544 282 374 532 45 767 240 483 115 491 305 310 48 548 737 836 737 1 516 548 339 620 569 146 115 580 13 628 850 221 853 730 698 270 176 178 142 828 393 898 267 399 690 850 211 254 829 830 273 940 126 795 504 978 781 990 80 159 535 
after: 1 13 45 48 69 77 80 115 115 126 142 144 146 147 150 159 161 175 176 178 211 221 224 232 240 253 254 258 267 267 270 273 282 289 301 305 310 317 336 339 368 374 386 393 397 399 461 464 483 489 491 493 504 516 521 523 532 535 540 544 548 548 568 569 578 580 617 620 628 668 690 698 730 737 737 767 781 795 828 829 830 831 836 847 850 850 853 854 898 913 940 955 972 975 978 988 990 991 993 997 
milisseconds elapsed: 4333
array n=100, sortedness=2
before: 853 972 232 1 115 267 221 829 668 504 399 993 258 493 13 781 690 267 147 913 224 150 483 828 115 464 737 850 568 305 737 831 795 254 617 77 178 175 955 142 850 548 489 940 317 898 836 45 991 628 532 144 240 540 270 830 368 523 393 997 854 461 336 289 211 491 698 339 730 548 988 516 578 386 975 569 301 580 620 374 282 161 146 126 273 990 521 535 767 48 159 69 397 176 544 80 978 847 253 310 
after: 1 13 45 48 69 77 80 115 115 126 142 144 146 147 150 159 161 175 176 178 211 221 224 232 240 253 254 258 267 267 270 273 282 289 301 305 310 317 336 339 368 374 386 393 397 399 461 464 483 489 491 493 504 516 521 523 532 535 540 544 548 548 568 569 578 580 617 620 628 668 690 698 730 737 737 767 781 795 828 829 830 831 836 847 850 850 853 854 898 913 940 955 972 975 978 988 990 991 993 997 
milisseconds elapsed: 4250
array n=100, sortedness=5
before: 988 535 540 142 240 310 767 211 975 795 77 828 737 521 913 464 175 991 831 532 847 548 267 850 781 317 483 146 990 690 147 80 620 493 144 978 544 898 368 580 569 159 161 698 516 282 289 115 850 730 69 115 45 176 301 273 491 853 940 221 258 489 523 339 336 836 13 548 628 254 854 737 993 126 830 829 1 578 955 397 399 568 253 150 393 972 232 386 461 267 270 997 48 305 178 374 617 224 504 668 
after: 1 13 45 48 69 77 80 115 115 126 142 144 146 147 150 159 161 175 176 178 211 221 224 232 240 253 254 258 267 267 270 273 282 289 301 305 310 317 336 339 368 374 386 393 397 399 461 464 483 489 491 493 504 516 521 523 532 535 540 544 548 548 568 569 578 580 617 620 628 668 690 698 730 737 737 767 781 795 828 829 830 831 836 847 850 850 853 854 898 913 940 955 972 975 978 988 990 991 993 997 
milisseconds elapsed: 4261
array n=200, sortedness=0
before: 5 8 12 15 17 19 21 23 28 28 30 33 35 49 53 68 69 70 74 76 80 98 104 107 112 122 130 130 130 133 134 143 143 143 147 149 160 162 185 201 213 220 228 233 249 252 255 255 256 266 272 296 298 310 314 314 317 323 327 329 331 333 335 336 338 342 345 366 367 376 380 382 385 389 395 397 401 415 415 417 417 422 429 431 433 434 436 439 441 444 446 447 451 456 456 456 463 472 473 475 489 502 502 504 506 507 508 511 516 521 522 523 524 532 543 556 556 559 560 564 569 587 589 612 616 622 622 624 626 637 641 659 664 671 679 691 694 702 708 709 719 726 741 748 749 753 755 758 758 759 763 765 765 766 781 784 790 795 795 798 801 802 803 808 815 820 821 829 845 866 869 872 872 883 887 890 892 893 895 896 897 900 904 908 912 920 921 925 931 935 937 945 958 960 974 975 982 984 986 996 
after: 5 8 12 15 17 19 21 23 28 28 30 33 35 49 53 68 69 70 74 76 80 98 104 107 112 122 130 130 130 133 134 143 143 143 147 149 160 162 185 201 213 220 228 233 249 252 255 255 256 266 272 296 298 310 314 314 317 323 327 329 331 333 335 336 338 342 345 366 367 376 380 382 385 389 395 397 401 415 415 417 417 422 429 431 433 434 436 439 441 444 446 447 451 456 456 456 463 472 473 475 489 502 502 504 506 507 508 511 516 521 522 523 524 532 543 556 556 559 560 564 569 587 589 612 616 622 622 624 626 637 641 659 664 671 679 691 694 702 708 709 719 726 741 748 749 753 755 758 758 759 763 765 765 766 781 784 790 795 795 798 801 802 803 808 815 820 821 829 845 866 869 872 872 883 887 890 892 893 895 896 897 900 904 908 912 920 921 925 931 935 937 945 958 960 974 975 982 984 986 996 
milisseconds elapsed: 16551
array n=200, sortedness=-1
before: 996 986 984 982 975 974 960 958 945 937 935 931 925 921 920 912 908 904 900 897 896 895 893 892 890 887 883 872 872 869 866 845 829 821 820 815 808 803 802 801 798 795 795 790 784 781 766 765 765 763 759 758 758 755 753 749 748 741 726 719 709 708 702 694 691 679 671 664 659 641 637 626 624 622 622 616 612 589 587 569 564 560 559 556 556 543 532 524 523 522 521 516 511 508 507 506 504 502 502 489 475 473 472 463 456 456 456 451 447 446 444 441 439 436 434 433 431 429 422 417 417 415 415 401 397 395 389 385 382 380 376 367 366 345 342 338 336 335 333 331 329 327 323 317 314 314 310 298 296 272 266 256 255 255 252 249 233 228 220 213 201 185 162 160 149 147 143 143 143 134 133 130 130 130 122 112 107 104 98 80 76 74 70 69 68 53 49 35 33 30 28 28 23 21 19 17 15 12 8 5 
after: 5 8 12 15 17 19 21 23 28 28 30 33 35 49 53 68 69 70 74 76 80 98 104 107 112 122 130 130 130 133 134 143 143 143 147 149 160 162 185 201 213 220 228 233 249 252 255 255 256 266 272 296 298 310 314 314 317 323 327 329 331 333 335 336 338 342 345 366 367 376 380 382 385 389 395 397 401 415 415 417 417 422 429 431 433 434 436 439 441 444 446 447 451 456 456 456 463 472 473 475 489 502 502 504 506 507 508 511 516 521 522 523 524 532 543 556 556 559 560 564 569 587 589 612 616 622 622 624 626 637 641 659 664 671 679 691 694 702 708 709 719 726 741 748 749 753 755 758 758 759 763 765 765 766 781 784 790 795 795 798 801 802 803 808 815 820 821 829 845 866 869 872 872 883 887 890 892 893 895 896 897 900 904 908 912 920 921 925 931 935 937 945 958 960 974 975 982 984 986 996 
milisseconds elapsed: 16632
array n=200, sortedness=0.25
before: 709 8 12 15 436 19 256 143 28 220 795 249 35 931 53 68 69 70 74 76 80 829 104 107 489 122 130 781 49 133 475 143 143 869 463 616 160 755 185 30 213 671 228 233 33 252 255 502 21 266 272 556 298 310 314 314 317 323 23 329 331 587 335 866 338 342 345 366 367 376 380 382 385 872 395 397 401 415 415 417 417 422 17 912 904 892 996 641 441 444 446 741 451 522 766 456 147 472 473 134 112 502 626 504 506 507 820 815 516 521 986 523 524 532 543 296 456 559 560 511 569 333 895 612 149 434 622 624 255 637 439 659 664 429 679 691 694 702 908 5 719 726 447 748 749 753 162 758 758 759 763 765 765 456 130 784 790 589 887 708 801 897 803 808 564 508 821 98 845 945 327 872 389 883 795 890 622 893 201 896 802 900 433 798 431 920 921 925 130 935 937 336 958 960 974 975 982 984 28 556 
after: 5 8 12 15 17 19 21 23 28 28 30 33 35 49 53 68 69 70 74 76 80 98 104 107 112 122 130 130 130 133 134 143 143 143 147 149 160 162 185 201 213 220 228 233 249 252 255 255 256 266 272 296 298 310 314 314 317 323 327 329 331 333 335 336 338 342 345 366 367 376 380 382 385 389 395 397 401 415 415 417 417 422 429 431 433 434 436 439 441 444 446 447 451 456 456 456 463 472 473 475 489 502 502 504 506 507 508 511 516 521 522 523 524 532 543 556 556 559 560 564 569 587 589 612 616 622 622 624 626 637 641 659 664 671 679 691 694 702 708 709 719 726 741 748 749 753 755 758 758 759 763 765 765 766 781 784 790 795 795 798 801 802 803 808 815 820 821 829 845 866 869 872 872 883 887 890 892 893 895 896 897 900 904 908 912 920 921 925 931 935 937 945 958 960 974 975 982 984 986 996 
milisseconds elapsed: 16708
array n=200, sortedness=0.5
before: 664 5 560 149 958 622 21 616 489 890 415 33 35 679 763 68 252 70 559 185 765 98 366 521 112 122 130 556 130 133 317 143 143 143 147 795 790 298 28 201 213 220 228 160 249 314 255 569 887 266 982 624 23 310 908 130 612 323 327 329 331 333 749 336 895 342 345 896 367 376 380 765 385 389 589 719 543 415 433 417 516 422 429 434 255 556 80 439 441 753 897 845 107 866 904 456 893 472 912 475 53 395 532 504 444 748 508 587 417 8 272 456 524 30 28 314 296 74 12 759 766 522 641 872 162 821 622 431 921 502 502 726 451 671 49 691 694 702 708 709 397 801 741 507 447 506 463 69 758 564 446 795 511 256 781 784 233 872 382 798 659 802 758 808 815 820 19 829 335 456 869 15 436 883 945 401 892 755 523 104 76 900 338 803 925 960 626 473 931 935 937 637 17 974 920 975 134 984 986 996 
after: 5 8 12 15 17 19 21 23 28 28 30 33 35 49 53 68 69 70 74 76 80 98 104 107 112 122 130 130 130 133 134 143 143 143 147 149 160 162 185 201 213 220 228 233 249 252 255 255 256 266 272 296 298 310 314 314 317 323 327 329 331 333 335 336 338 342 345 366 367 376 380 382 385 389 395 397 401 415 415 417 417 422 429 431 433 434 436 439 441 444 446 447 451 456 456 456 463 472 473 475 489 502 502 504 506 507 508 511 516 521 522 523 524 532 543 556 556 559 560 564 569 587 589 612 616 622 622 624 626 637 641 659 664 671 679 691 694 702 708 709 719 726 741 748 749 753 755 758 758 759 763 765 765 766 781 784 790 795 795 798 801 802 803 808 815 820 821 829 845 866 869 872 872 883 887 890 892 893 895 896 897 900 904 908 912 920 921 925 931 935 937 945 958 960 974 975 982 984 986 996 
milisseconds elapsed: 16755
array n=200, sortedness=1
before: 5 960 758 15 17 451 382 908 741 781 502 765 784 996 422 30 266 335 143 149 133 719 523 107 866 380 982 790 436 974 766 143 637 456 564 19 185 255 336 74 622 524 228 709 249 890 463 147 143 69 931 296 869 310 872 543 272 507 130 23 508 748 70 612 213 489 694 937 367 895 112 671 521 829 417 920 569 802 679 556 502 803 366 755 12 104 532 439 68 511 587 395 376 433 815 892 401 626 333 616 53 447 820 21 506 233 331 444 516 252 522 8 664 220 589 708 329 900 429 130 323 912 314 475 98 622 845 255 473 935 446 659 122 624 472 76 345 256 958 385 758 33 28 798 456 984 160 35 49 759 763 808 765 162 314 641 327 691 559 897 896 415 298 504 441 749 821 986 130 431 389 456 904 338 887 560 753 893 702 342 795 134 434 556 801 397 795 925 415 883 921 945 28 201 726 975 80 872 317 417 
after: 5 8 12 15 17 19 21 23 28 28 30 33 35 49 53 68 69 70 74 76 80 98 104 107 112 122 130 130 130 133 134 143 143 143 147 149 160 162 185 201 213 220 228 233 249 252 255 255 256 266 272 296 298 310 314 314 317 323 327 329 331 333 335 336 338 342 345 366 367 376 380 382 385 389 395 397 401 415 415 417 417 422 429 431 433 434 436 439 441 444 446 447 451 456 456 456 463 472 473 475 489 502 502 504 506 507 508 511 516 521 522 523 524 532 543 556 556 559 560 564 569 587 589 612 616 622 622 624 626 637 641 659 664 671 679 691 694 702 708 709 719 726 741 748 749 753 755 758 758 759 763 765 765 766 781 784 790 795 795 798 801 802 803 808 815 820 821 829 845 866 869 872 872 883 887 890 892 893 895 896 897 900 904 908 912 920 921 925 931 935 937 945 958 960 974 975 982 984 986 996 
milisseconds elapsed: 16724
array n=200, sortedness=2
before: 996 641 795 472 17 366 489 417 80 524 30 380 447 765 622 314 532 314 143 556 317 664 866 900 104 624 560 323 21 336 748 434 896 758 429 252 345 35 385 401 691 763 395 98 869 376 338 70 463 521 758 23 587 296 637 201 749 12 133 753 766 327 436 719 912 19 143 887 456 8 523 986 329 256 741 895 795 801 107 626 28 473 475 502 516 974 506 439 892 904 694 53 233 367 185 872 69 255 68 298 112 504 76 122 130 975 331 342 502 456 130 228 569 821 726 815 679 897 659 937 755 543 925 266 522 389 622 890 446 935 310 249 431 671 456 508 708 335 958 829 921 765 255 960 441 908 893 931 802 433 984 143 883 220 333 49 28 130 556 564 945 213 415 709 798 444 616 451 702 147 422 845 162 397 160 511 134 820 781 612 589 15 149 808 272 790 33 872 74 417 784 507 5 759 920 982 559 803 382 415 
after: 5 8 12 15 17 19 21 23 28 28 30 33 35 49 53 68 69 70 74 76 80 98 104 107 112 122 130 130 130 133 134 143 143 143 147 149 160 162 185 201 213 220 228 233 249 252 255 255 256 266 272 296 298 310 314 314 317 323 327 329 331 333 335 336 338 342 345 366 367 376 380 382 385 389 395 397 401 415 415 417 417 422 429 431 433 434 436 439 441 444 446 447 451 456 456 456 463 472 473 475 489 502 502 504 506 507 508 511 516 521 522 523 524 532 543 556 556 559 560 564 569 587 589 612 616 622 622 624 626 637 641 659 664 671 679 691 694 702 708 709 719 726 741 748 749 753 755 758 758 759 763 765 765 766 781 784 790 795 795 798 801 802 803 808 815 820 821 829 845 866 869 872 872 883 887 890 892 893 895 896 897 900 904 908 912 920 921 925 931 935 937 945 958 960 974 975 982 984 986 996 
milisseconds elapsed: 16774
array n=200, sortedness=5
before: 524 872 560 28 883 149 945 17 984 931 872 974 5 160 21 12 958 511 616 331 897 702 766 904 33 626 802 143 19 781 508 68 367 708 252 456 587 35 98 569 255 228 30 869 758 622 908 892 784 679 296 417 641 753 298 935 887 556 76 472 622 795 422 895 803 415 982 162 506 920 385 327 795 213 382 345 900 523 255 53 709 758 612 866 112 376 433 790 522 815 104 559 439 201 436 451 15 960 185 456 380 28 504 107 397 556 401 473 741 748 266 338 893 130 996 937 314 925 130 521 808 143 516 336 845 986 659 335 333 719 441 726 896 147 564 143 456 502 272 70 366 637 765 417 395 691 434 8 502 429 23 310 444 389 624 507 798 749 975 446 415 921 317 256 829 49 890 694 133 489 820 431 342 80 821 671 69 912 475 249 447 130 801 74 589 664 220 765 463 323 532 329 755 543 122 233 759 314 134 763 
after: 5 8 12 15 17 19 21 23 28 28 30 33 35 49 53 68 69 70 74 76 80 98 104 107 112 122 130 130 130 133 134 143 143 143 147 149 160 162 185 201 213 220 228 233 249 252 255 255 256 266 272 296 298 310 314 314 317 323 327 329 331 333 335 336 338 342 345 366 367 376 380 382 385 389 395 397 401 415 415 417 417 422 429 431 433 434 436 439 441 444 446 447 451 456 456 456 463 472 473 475 489 502 502 504 506 507 508 511 516 521 522 523 524 532 543 556 556 559 560 564 569 587 589 612 616 622 622 624 626 637 641 659 664 671 679 691 694 702 708 709 719 726 741 748 749 753 755 758 758 759 763 765 765 766 781 784 790 795 795 798 801 802 803 808 815 820 821 829 845 866 869 872 872 883 887 890 892 893 895 896 897 900 904 908 912 920 921 925 931 935 937 945 958 960 974 975 982 984 986 996 
milisseconds elapsed: 16906

-- program is finished running --


Reset: reset completed.

array n=5, sortedness=0
before: 265 297 700 701 931 
after: 265 297 700 701 931 
milisseconds elapsed: 26
array n=5, sortedness=-1
before: 931 701 700 297 265 
after: 265 297 700 701 931 
milisseconds elapsed: 24
array n=5, sortedness=0.25
before: 265 297 700 701 931 
after: 265 297 700 701 931 
milisseconds elapsed: 22
array n=5, sortedness=0.5
before: 931 700 297 701 265 
after: 265 297 700 701 931 
milisseconds elapsed: 19
array n=5, sortedness=1
before: 931 700 265 701 297 
after: 265 297 700 701 931 
milisseconds elapsed: 22
array n=5, sortedness=2
before: 700 701 931 265 297 
after: 265 297 700 701 931 
milisseconds elapsed: 25
array n=5, sortedness=5
before: 931 297 700 265 701 
after: 265 297 700 701 931 
milisseconds elapsed: 18
array n=10, sortedness=0
before: 39 43 367 594 597 605 632 718 745 882 
after: 39 43 367 594 597 605 632 718 745 882 
milisseconds elapsed: 49
array n=10, sortedness=-1
before: 882 745 718 632 605 597 594 367 43 39 
after: 39 43 367 594 597 605 632 718 745 882 
milisseconds elapsed: 57
array n=10, sortedness=0.25
before: 39 43 594 597 367 882 632 718 745 605 
after: 39 43 367 594 597 605 632 718 745 882 
milisseconds elapsed: 56
array n=10, sortedness=0.5
before: 882 632 594 367 597 605 745 718 39 43 
after: 39 43 367 594 597 605 632 718 745 882 
milisseconds elapsed: 55
array n=10, sortedness=1
before: 367 632 39 594 882 718 745 43 605 597 
after: 39 43 367 594 597 605 632 718 745 882 
milisseconds elapsed: 54
array n=10, sortedness=2
before: 39 43 745 718 597 632 594 882 605 367 
after: 39 43 367 594 597 605 632 718 745 882 
milisseconds elapsed: 57
array n=10, sortedness=5
before: 43 882 718 745 367 597 605 594 632 39 
after: 39 43 367 594 597 605 632 718 745 882 
milisseconds elapsed: 56
array n=25, sortedness=0
before: 3 29 153 154 160 231 253 265 282 308 339 383 426 460 538 544 780 803 820 856 870 874 959 975 976 
after: 3 29 153 154 160 231 253 265 282 308 339 383 426 460 538 544 780 803 820 856 870 874 959 975 976 
milisseconds elapsed: 267
array n=25, sortedness=-1
before: 976 975 959 874 870 856 820 803 780 544 538 460 426 383 339 308 282 265 253 231 160 154 153 29 3 
after: 3 29 153 154 160 231 253 265 282 308 339 383 426 460 538 544 780 803 820 856 870 874 959 975 976 
milisseconds elapsed: 282
array n=25, sortedness=0.25
before: 3 29 153 154 282 231 460 265 160 308 339 383 959 544 803 976 780 820 538 856 870 874 426 975 253 
after: 3 29 153 154 160 231 253 265 282 308 339 383 426 460 538 544 780 803 820 856 870 874 959 975 976 
milisseconds elapsed: 268
array n=25, sortedness=0.5
before: 803 975 29 160 308 780 959 265 282 154 339 383 426 253 538 153 820 3 231 856 544 874 460 870 976 
after: 3 29 153 154 160 231 253 265 282 308 339 383 426 460 538 544 780 803 820 856 870 874 959 975 976 
milisseconds elapsed: 273
array n=25, sortedness=1
before: 544 976 153 339 160 231 253 383 3 856 282 959 426 874 870 265 29 803 538 975 154 780 308 820 460 
after: 3 29 153 154 160 231 253 265 282 308 339 383 426 460 538 544 780 803 820 856 870 874 959 975 976 
milisseconds elapsed: 282
array n=25, sortedness=2
before: 976 780 265 383 154 282 253 231 3 29 856 538 959 308 160 874 820 426 544 975 803 460 870 339 153 
after: 3 29 153 154 160 231 253 265 282 308 339 383 426 460 538 544 780 803 820 856 870 874 959 975 976 
milisseconds elapsed: 285
array n=25, sortedness=5
before: 3 308 265 780 820 154 160 976 975 29 538 426 870 803 544 874 460 231 253 339 856 383 959 282 153 
after: 3 29 153 154 160 231 253 265 282 308 339 383 426 460 538 544 780 803 820 856 870 874 959 975 976 
milisseconds elapsed: 285
array n=50, sortedness=0
before: 28 57 66 67 79 143 146 173 179 183 196 210 246 336 390 396 439 458 461 515 524 535 539 576 585 593 609 614 639 643 651 693 713 714 719 728 736 737 739 749 785 806 810 823 831 859 903 909 936 960 
after: 28 57 66 67 79 143 146 173 179 183 196 210 246 336 390 396 439 458 461 515 524 535 539 576 585 593 609 614 639 643 651 693 713 714 719 728 736 737 739 749 785 806 810 823 831 859 903 909 936 960 
milisseconds elapsed: 1048
array n=50, sortedness=-1
before: 960 936 909 903 859 831 823 810 806 785 749 739 737 736 728 719 714 713 693 651 643 639 614 609 593 585 576 539 535 524 515 461 458 439 396 390 336 246 210 196 183 179 173 146 143 79 67 66 57 28 
after: 28 57 66 67 79 143 146 173 179 183 196 210 246 336 390 396 439 458 461 515 524 535 539 576 585 593 609 614 639 643 651 693 713 714 719 728 736 737 739 749 785 806 810 823 831 859 903 909 936 960 
milisseconds elapsed: 1101
array n=50, sortedness=0.25
before: 146 903 66 67 79 143 28 173 179 183 196 439 246 728 390 643 210 458 639 960 524 535 539 576 585 749 396 614 515 936 651 693 713 714 719 336 736 737 739 593 785 806 859 823 831 810 57 909 461 609 
after: 28 57 66 67 79 143 146 173 179 183 196 210 246 336 390 396 439 458 461 515 524 535 539 576 585 593 609 614 639 643 651 693 713 714 719 728 736 737 739 749 785 806 810 823 831 859 903 909 936 960 
milisseconds elapsed: 1061
array n=50, sortedness=0.5
before: 693 936 614 67 173 576 739 639 66 183 196 909 246 336 390 535 439 146 461 515 524 728 210 143 585 831 609 179 396 458 651 736 643 714 859 57 719 810 28 79 785 806 960 823 593 713 903 539 749 737 
after: 28 57 66 67 79 143 146 173 179 183 196 210 246 336 390 396 439 458 461 515 524 535 539 576 585 593 609 614 639 643 651 693 713 714 719 728 736 737 739 749 785 806 810 823 831 859 903 909 936 960 
milisseconds elapsed: 1068
array n=50, sortedness=1
before: 909 823 336 749 714 739 183 806 831 576 693 210 651 535 737 524 439 458 785 396 143 585 146 960 179 196 810 614 79 643 639 246 903 593 173 728 719 461 539 609 390 57 936 515 28 859 713 67 66 736 
after: 28 57 66 67 79 143 146 173 179 183 196 210 246 336 390 396 439 458 461 515 524 535 539 576 585 593 609 614 639 643 651 693 713 714 719 728 736 737 739 749 785 806 810 823 831 859 903 909 936 960 
milisseconds elapsed: 1102
array n=50, sortedness=2
before: 585 614 246 576 143 461 960 57 396 806 179 739 736 439 539 535 173 79 390 823 66 737 524 719 713 67 336 903 909 146 183 643 859 210 728 936 515 28 810 693 639 196 609 651 593 458 749 831 714 785 
after: 28 57 66 67 79 143 146 173 179 183 196 210 246 336 390 396 439 458 461 515 524 535 539 576 585 593 609 614 639 643 651 693 713 714 719 728 736 737 739 749 785 806 810 823 831 859 903 909 936 960 
milisseconds elapsed: 1097
array n=50, sortedness=5
before: 66 593 67 57 585 614 736 903 143 179 439 396 246 831 806 183 739 146 28 524 461 714 336 936 823 810 609 693 173 79 539 390 643 909 458 785 737 859 515 639 728 713 651 196 535 576 210 719 749 960 
after: 28 57 66 67 79 143 146 173 179 183 196 210 246 336 390 396 439 458 461 515 524 535 539 576 585 593 609 614 639 643 651 693 713 714 719 728 736 737 739 749 785 806 810 823 831 859 903 909 936 960 
milisseconds elapsed: 1092
array n=100, sortedness=0
before: 1 13 45 48 69 77 80 115 115 126 142 144 146 147 150 159 161 175 176 178 211 221 224 232 240 253 254 258 267 267 270 273 282 289 301 305 310 317 336 339 368 374 386 393 397 399 461 464 483 489 491 493 504 516 521 523 532 535 540 544 548 548 568 569 578 580 617 620 628 668 690 698 730 737 737 767 781 795 828 829 830 831 836 847 850 850 853 854 898 913 940 955 972 975 978 988 990 991 993 997 
after: 1 13 45 48 69 77 80 115 115 126 142 144 146 147 150 159 161 175 176 178 211 221 224 232 240 253 254 258 267 267 270 273 282 289 301 305 310 317 336 339 368 374 386 393 397 399 461 464 483 489 491 493 504 516 521 523 532 535 540 544 548 548 568 569 578 580 617 620 628 668 690 698 730 737 737 767 781 795 828 829 830 831 836 847 850 850 853 854 898 913 940 955 972 975 978 988 990 991 993 997 
milisseconds elapsed: 4199
array n=100, sortedness=-1
before: 997 993 991 990 988 978 975 972 955 940 913 898 854 853 850 850 847 836 831 830 829 828 795 781 767 737 737 730 698 690 668 628 620 617 580 578 569 568 548 548 544 540 535 532 523 521 516 504 493 491 489 483 464 461 399 397 393 386 374 368 339 336 317 310 305 301 289 282 273 270 267 267 258 254 253 240 232 224 221 211 178 176 175 161 159 150 147 146 144 142 126 115 115 80 77 69 48 45 13 1 
after: 1 13 45 48 69 77 80 115 115 126 142 144 146 147 150 159 161 175 176 178 211 221 224 232 240 253 254 258 267 267 270 273 282 289 301 305 310 317 336 339 368 374 386 393 397 399 461 464 483 489 491 493 504 516 521 523 532 535 540 544 548 548 568 569 578 580 617 620 628 668 690 698 730 737 737 767 781 795 828 829 830 831 836 847 850 850 853 854 898 913 940 955 972 975 978 988 990 991 993 997 
milisseconds elapsed: 4226
array n=100, sortedness=0.25
before: 781 997 45 48 69 77 178 115 305 126 142 461 540 147 150 159 310 175 176 988 913 221 532 232 240 253 254 258 267 267 795 273 282 289 301 115 847 317 336 339 483 374 386 393 504 399 144 464 578 489 491 493 397 516 521 523 270 535 146 698 978 548 568 569 368 580 617 620 628 668 690 544 975 737 990 767 1 224 828 13 829 831 836 161 850 850 853 730 898 211 940 955 972 854 548 80 737 991 993 830 
after: 1 13 45 48 69 77 80 115 115 126 142 144 146 147 150 159 161 175 176 178 211 221 224 232 240 253 254 258 267 267 270 273 282 289 301 305 310 317 336 339 368 374 386 393 397 399 461 464 483 489 491 493 504 516 521 523 532 535 540 544 548 548 568 569 578 580 617 620 628 668 690 698 730 737 737 767 781 795 828 829 830 831 836 847 850 850 853 854 898 913 940 955 972 975 978 988 990 991 993 997 
milisseconds elapsed: 4265
array n=100, sortedness=0.5
before: 1 13 828 483 240 232 972 115 115 159 211 461 668 578 854 258 161 267 176 178 850 847 224 737 737 253 523 126 69 267 270 273 221 289 301 305 540 317 975 853 368 374 175 393 489 399 386 144 146 548 532 493 504 516 781 142 147 77 310 544 548 397 568 569 988 580 617 767 628 48 690 698 730 491 990 521 45 831 282 829 830 898 150 993 535 80 850 464 795 913 940 955 254 336 978 620 339 991 836 997 
after: 1 13 45 48 69 77 80 115 115 126 142 144 146 147 150 159 161 175 176 178 211 221 224 232 240 253 254 258 267 267 270 273 282 289 301 305 310 317 336 339 368 374 386 393 397 399 461 464 483 489 491 493 504 516 521 523 532 535 540 544 548 548 568 569 578 580 617 620 628 668 690 698 730 737 737 767 781 795 828 829 830 831 836 847 850 850 853 854 898 913 940 955 972 975 978 988 990 991 993 997 
milisseconds elapsed: 4238
array n=100, sortedness=1
before: 668 267 955 336 69 77 831 489 301 854 972 988 975 147 232 224 464 386 521 578 144 493 568 150 993 253 991 847 317 161 175 523 540 289 258 913 617 461 997 397 368 544 282 374 532 45 767 240 483 115 491 305 310 48 548 737 836 737 1 516 548 339 620 569 146 115 580 13 628 850 221 853 730 698 270 176 178 142 828 393 898 267 399 690 850 211 254 829 830 273 940 126 795 504 978 781 990 80 159 535 
after: 1 13 45 48 69 77 80 115 115 126 142 144 146 147 150 159 161 175 176 178 211 221 224 232 240 253 254 258 267 267 270 273 282 289 301 305 310 317 336 339 368 374 386 393 397 399 461 464 483 489 491 493 504 516 521 523 532 535 540 544 548 548 568 569 578 580 617 620 628 668 690 698 730 737 737 767 781 795 828 829 830 831 836 847 850 850 853 854 898 913 940 955 972 975 978 988 990 991 993 997 
milisseconds elapsed: 4281
array n=100, sortedness=2
before: 853 972 232 1 115 267 221 829 668 504 399 993 258 493 13 781 690 267 147 913 224 150 483 828 115 464 737 850 568 305 737 831 795 254 617 77 178 175 955 142 850 548 489 940 317 898 836 45 991 628 532 144 240 540 270 830 368 523 393 997 854 461 336 289 211 491 698 339 730 548 988 516 578 386 975 569 301 580 620 374 282 161 146 126 273 990 521 535 767 48 159 69 397 176 544 80 978 847 253 310 
after: 1 13 45 48 69 77 80 115 115 126 142 144 146 147 150 159 161 175 176 178 211 221 224 232 240 253 254 258 267 267 270 273 282 289 301 305 310 317 336 339 368 374 386 393 397 399 461 464 483 489 491 493 504 516 521 523 532 535 540 544 548 548 568 569 578 580 617 620 628 668 690 698 730 737 737 767 781 795 828 829 830 831 836 847 850 850 853 854 898 913 940 955 972 975 978 988 990 991 993 997 
milisseconds elapsed: 4277
array n=100, sortedness=5
before: 988 535 540 142 240 310 767 211 975 795 77 828 737 521 913 464 175 991 831 532 847 548 267 850 781 317 483 146 990 690 147 80 620 493 144 978 544 898 368 580 569 159 161 698 516 282 289 115 850 730 69 115 45 176 301 273 491 853 940 221 258 489 523 339 336 836 13 548 628 254 854 737 993 126 830 829 1 578 955 397 399 568 253 150 393 972 232 386 461 267 270 997 48 305 178 374 617 224 504 668 
after: 1 13 45 48 69 77 80 115 115 126 142 144 146 147 150 159 161 175 176 178 211 221 224 232 240 253 254 258 267 267 270 273 282 289 301 305 310 317 336 339 368 374 386 393 397 399 461 464 483 489 491 493 504 516 521 523 532 535 540 544 548 548 568 569 578 580 617 620 628 668 690 698 730 737 737 767 781 795 828 829 830 831 836 847 850 850 853 854 898 913 940 955 972 975 978 988 990 991 993 997 
milisseconds elapsed: 4302
array n=200, sortedness=0
before: 5 8 12 15 17 19 21 23 28 28 30 33 35 49 53 68 69 70 74 76 80 98 104 107 112 122 130 130 130 133 134 143 143 143 147 149 160 162 185 201 213 220 228 233 249 252 255 255 256 266 272 296 298 310 314 314 317 323 327 329 331 333 335 336 338 342 345 366 367 376 380 382 385 389 395 397 401 415 415 417 417 422 429 431 433 434 436 439 441 444 446 447 451 456 456 456 463 472 473 475 489 502 502 504 506 507 508 511 516 521 522 523 524 532 543 556 556 559 560 564 569 587 589 612 616 622 622 624 626 637 641 659 664 671 679 691 694 702 708 709 719 726 741 748 749 753 755 758 758 759 763 765 765 766 781 784 790 795 795 798 801 802 803 808 815 820 821 829 845 866 869 872 872 883 887 890 892 893 895 896 897 900 904 908 912 920 921 925 931 935 937 945 958 960 974 975 982 984 986 996 
after: 5 8 12 15 17 19 21 23 28 28 30 33 35 49 53 68 69 70 74 76 80 98 104 107 112 122 130 130 130 133 134 143 143 143 147 149 160 162 185 201 213 220 228 233 249 252 255 255 256 266 272 296 298 310 314 314 317 323 327 329 331 333 335 336 338 342 345 366 367 376 380 382 385 389 395 397 401 415 415 417 417 422 429 431 433 434 436 439 441 444 446 447 451 456 456 456 463 472 473 475 489 502 502 504 506 507 508 511 516 521 522 523 524 532 543 556 556 559 560 564 569 587 589 612 616 622 622 624 626 637 641 659 664 671 679 691 694 702 708 709 719 726 741 748 749 753 755 758 758 759 763 765 765 766 781 784 790 795 795 798 801 802 803 808 815 820 821 829 845 866 869 872 872 883 887 890 892 893 895 896 897 900 904 908 912 920 921 925 931 935 937 945 958 960 974 975 982 984 986 996 
milisseconds elapsed: 16485
array n=200, sortedness=-1
before: 996 986 984 982 975 974 960 958 945 937 935 931 925 921 920 912 908 904 900 897 896 895 893 892 890 887 883 872 872 869 866 845 829 821 820 815 808 803 802 801 798 795 795 790 784 781 766 765 765 763 759 758 758 755 753 749 748 741 726 719 709 708 702 694 691 679 671 664 659 641 637 626 624 622 622 616 612 589 587 569 564 560 559 556 556 543 532 524 523 522 521 516 511 508 507 506 504 502 502 489 475 473 472 463 456 456 456 451 447 446 444 441 439 436 434 433 431 429 422 417 417 415 415 401 397 395 389 385 382 380 376 367 366 345 342 338 336 335 333 331 329 327 323 317 314 314 310 298 296 272 266 256 255 255 252 249 233 228 220 213 201 185 162 160 149 147 143 143 143 134 133 130 130 130 122 112 107 104 98 80 76 74 70 69 68 53 49 35 33 30 28 28 23 21 19 17 15 12 8 5 
after: 5 8 12 15 17 19 21 23 28 28 30 33 35 49 53 68 69 70 74 76 80 98 104 107 112 122 130 130 130 133 134 143 143 143 147 149 160 162 185 201 213 220 228 233 249 252 255 255 256 266 272 296 298 310 314 314 317 323 327 329 331 333 335 336 338 342 345 366 367 376 380 382 385 389 395 397 401 415 415 417 417 422 429 431 433 434 436 439 441 444 446 447 451 456 456 456 463 472 473 475 489 502 502 504 506 507 508 511 516 521 522 523 524 532 543 556 556 559 560 564 569 587 589 612 616 622 622 624 626 637 641 659 664 671 679 691 694 702 708 709 719 726 741 748 749 753 755 758 758 759 763 765 765 766 781 784 790 795 795 798 801 802 803 808 815 820 821 829 845 866 869 872 872 883 887 890 892 893 895 896 897 900 904 908 912 920 921 925 931 935 937 945 958 960 974 975 982 984 986 996 
milisseconds elapsed: 16743
array n=200, sortedness=0.25
before: 709 8 12 15 436 19 256 143 28 220 795 249 35 931 53 68 69 70 74 76 80 829 104 107 489 122 130 781 49 133 475 143 143 869 463 616 160 755 185 30 213 671 228 233 33 252 255 502 21 266 272 556 298 310 314 314 317 323 23 329 331 587 335 866 338 342 345 366 367 376 380 382 385 872 395 397 401 415 415 417 417 422 17 912 904 892 996 641 441 444 446 741 451 522 766 456 147 472 473 134 112 502 626 504 506 507 820 815 516 521 986 523 524 532 543 296 456 559 560 511 569 333 895 612 149 434 622 624 255 637 439 659 664 429 679 691 694 702 908 5 719 726 447 748 749 753 162 758 758 759 763 765 765 456 130 784 790 589 887 708 801 897 803 808 564 508 821 98 845 945 327 872 389 883 795 890 622 893 201 896 802 900 433 798 431 920 921 925 130 935 937 336 958 960 974 975 982 984 28 556 
after: 5 8 12 15 17 19 21 23 28 28 30 33 35 49 53 68 69 70 74 76 80 98 104 107 112 122 130 130 130 133 134 143 143 143 147 149 160 162 185 201 213 220 228 233 249 252 255 255 256 266 272 296 298 310 314 314 317 323 327 329 331 333 335 336 338 342 345 366 367 376 380 382 385 389 395 397 401 415 415 417 417 422 429 431 433 434 436 439 441 444 446 447 451 456 456 456 463 472 473 475 489 502 502 504 506 507 508 511 516 521 522 523 524 532 543 556 556 559 560 564 569 587 589 612 616 622 622 624 626 637 641 659 664 671 679 691 694 702 708 709 719 726 741 748 749 753 755 758 758 759 763 765 765 766 781 784 790 795 795 798 801 802 803 808 815 820 821 829 845 866 869 872 872 883 887 890 892 893 895 896 897 900 904 908 912 920 921 925 931 935 937 945 958 960 974 975 982 984 986 996 
milisseconds elapsed: 17339
array n=200, sortedness=0.5
before: 664 5 560 149 958 622 21 616 489 890 415 33 35 679 763 68 252 70 559 185 765 98 366 521 112 122 130 556 130 133 317 143 143 143 147 795 790 298 28 201 213 220 228 160 249 314 255 569 887 266 982 624 23 310 908 130 612 323 327 329 331 333 749 336 895 342 345 896 367 376 380 765 385 389 589 719 543 415 433 417 516 422 429 434 255 556 80 439 441 753 897 845 107 866 904 456 893 472 912 475 53 395 532 504 444 748 508 587 417 8 272 456 524 30 28 314 296 74 12 759 766 522 641 872 162 821 622 431 921 502 502 726 451 671 49 691 694 702 708 709 397 801 741 507 447 506 463 69 758 564 446 795 511 256 781 784 233 872 382 798 659 802 758 808 815 820 19 829 335 456 869 15 436 883 945 401 892 755 523 104 76 900 338 803 925 960 626 473 931 935 937 637 17 974 920 975 134 984 986 996 
after: 5 8 12 15 17 19 21 23 28 28 30 33 35 49 53 68 69 70 74 76 80 98 104 107 112 122 130 130 130 133 134 143 143 143 147 149 160 162 185 201 213 220 228 233 249 252 255 255 256 266 272 296 298 310 314 314 317 323 327 329 331 333 335 336 338 342 345 366 367 376 380 382 385 389 395 397 401 415 415 417 417 422 429 431 433 434 436 439 441 444 446 447 451 456 456 456 463 472 473 475 489 502 502 504 506 507 508 511 516 521 522 523 524 532 543 556 556 559 560 564 569 587 589 612 616 622 622 624 626 637 641 659 664 671 679 691 694 702 708 709 719 726 741 748 749 753 755 758 758 759 763 765 765 766 781 784 790 795 795 798 801 802 803 808 815 820 821 829 845 866 869 872 872 883 887 890 892 893 895 896 897 900 904 908 912 920 921 925 931 935 937 945 958 960 974 975 982 984 986 996 
milisseconds elapsed: 16724
array n=200, sortedness=1
before: 5 960 758 15 17 451 382 908 741 781 502 765 784 996 422 30 266 335 143 149 133 719 523 107 866 380 982 790 436 974 766 143 637 456 564 19 185 255 336 74 622 524 228 709 249 890 463 147 143 69 931 296 869 310 872 543 272 507 130 23 508 748 70 612 213 489 694 937 367 895 112 671 521 829 417 920 569 802 679 556 502 803 366 755 12 104 532 439 68 511 587 395 376 433 815 892 401 626 333 616 53 447 820 21 506 233 331 444 516 252 522 8 664 220 589 708 329 900 429 130 323 912 314 475 98 622 845 255 473 935 446 659 122 624 472 76 345 256 958 385 758 33 28 798 456 984 160 35 49 759 763 808 765 162 314 641 327 691 559 897 896 415 298 504 441 749 821 986 130 431 389 456 904 338 887 560 753 893 702 342 795 134 434 556 801 397 795 925 415 883 921 945 28 201 726 975 80 872 317 417 
after: 5 8 12 15 17 19 21 23 28 28 30 33 35 49 53 68 69 70 74 76 80 98 104 107 112 122 130 130 130 133 134 143 143 143 147 149 160 162 185 201 213 220 228 233 249 252 255 255 256 266 272 296 298 310 314 314 317 323 327 329 331 333 335 336 338 342 345 366 367 376 380 382 385 389 395 397 401 415 415 417 417 422 429 431 433 434 436 439 441 444 446 447 451 456 456 456 463 472 473 475 489 502 502 504 506 507 508 511 516 521 522 523 524 532 543 556 556 559 560 564 569 587 589 612 616 622 622 624 626 637 641 659 664 671 679 691 694 702 708 709 719 726 741 748 749 753 755 758 758 759 763 765 765 766 781 784 790 795 795 798 801 802 803 808 815 820 821 829 845 866 869 872 872 883 887 890 892 893 895 896 897 900 904 908 912 920 921 925 931 935 937 945 958 960 974 975 982 984 986 996 
milisseconds elapsed: 16716
array n=200, sortedness=2
before: 996 641 795 472 17 366 489 417 80 524 30 380 447 765 622 314 532 314 143 556 317 664 866 900 104 624 560 323 21 336 748 434 896 758 429 252 345 35 385 401 691 763 395 98 869 376 338 70 463 521 758 23 587 296 637 201 749 12 133 753 766 327 436 719 912 19 143 887 456 8 523 986 329 256 741 895 795 801 107 626 28 473 475 502 516 974 506 439 892 904 694 53 233 367 185 872 69 255 68 298 112 504 76 122 130 975 331 342 502 456 130 228 569 821 726 815 679 897 659 937 755 543 925 266 522 389 622 890 446 935 310 249 431 671 456 508 708 335 958 829 921 765 255 960 441 908 893 931 802 433 984 143 883 220 333 49 28 130 556 564 945 213 415 709 798 444 616 451 702 147 422 845 162 397 160 511 134 820 781 612 589 15 149 808 272 790 33 872 74 417 784 507 5 759 920 982 559 803 382 415 
after: 5 8 12 15 17 19 21 23 28 28 30 33 35 49 53 68 69 70 74 76 80 98 104 107 112 122 130 130 130 133 134 143 143 143 147 149 160 162 185 201 213 220 228 233 249 252 255 255 256 266 272 296 298 310 314 314 317 323 327 329 331 333 335 336 338 342 345 366 367 376 380 382 385 389 395 397 401 415 415 417 417 422 429 431 433 434 436 439 441 444 446 447 451 456 456 456 463 472 473 475 489 502 502 504 506 507 508 511 516 521 522 523 524 532 543 556 556 559 560 564 569 587 589 612 616 622 622 624 626 637 641 659 664 671 679 691 694 702 708 709 719 726 741 748 749 753 755 758 758 759 763 765 765 766 781 784 790 795 795 798 801 802 803 808 815 820 821 829 845 866 869 872 872 883 887 890 892 893 895 896 897 900 904 908 912 920 921 925 931 935 937 945 958 960 974 975 982 984 986 996 
milisseconds elapsed: 16897
array n=200, sortedness=5
before: 524 872 560 28 883 149 945 17 984 931 872 974 5 160 21 12 958 511 616 331 897 702 766 904 33 626 802 143 19 781 508 68 367 708 252 456 587 35 98 569 255 228 30 869 758 622 908 892 784 679 296 417 641 753 298 935 887 556 76 472 622 795 422 895 803 415 982 162 506 920 385 327 795 213 382 345 900 523 255 53 709 758 612 866 112 376 433 790 522 815 104 559 439 201 436 451 15 960 185 456 380 28 504 107 397 556 401 473 741 748 266 338 893 130 996 937 314 925 130 521 808 143 516 336 845 986 659 335 333 719 441 726 896 147 564 143 456 502 272 70 366 637 765 417 395 691 434 8 502 429 23 310 444 389 624 507 798 749 975 446 415 921 317 256 829 49 890 694 133 489 820 431 342 80 821 671 69 912 475 249 447 130 801 74 589 664 220 765 463 323 532 329 755 543 122 233 759 314 134 763 
after: 5 8 12 15 17 19 21 23 28 28 30 33 35 49 53 68 69 70 74 76 80 98 104 107 112 122 130 130 130 133 134 143 143 143 147 149 160 162 185 201 213 220 228 233 249 252 255 255 256 266 272 296 298 310 314 314 317 323 327 329 331 333 335 336 338 342 345 366 367 376 380 382 385 389 395 397 401 415 415 417 417 422 429 431 433 434 436 439 441 444 446 447 451 456 456 456 463 472 473 475 489 502 502 504 506 507 508 511 516 521 522 523 524 532 543 556 556 559 560 564 569 587 589 612 616 622 622 624 626 637 641 659 664 671 679 691 694 702 708 709 719 726 741 748 749 753 755 758 758 759 763 765 765 766 781 784 790 795 795 798 801 802 803 808 815 820 821 829 845 866 869 872 872 883 887 890 892 893 895 896 897 900 904 908 912 920 921 925 931 935 937 945 958 960 974 975 982 984 986 996 
milisseconds elapsed: 17691

-- program is finished running --

